DATE JAN-01-1979

Cave K2929
{
  AVG_TEMP = 17
  MATERIAL = LIMESTONE
  ALTITUDE = 3840

  Path MAIN
  {
    MEASUREMENTS      {(18,37,4) , (18,38,4) , (18,39,4) , (18,40,4) , (18,40,3) ,
         (18,41,3) , (18,42,3) , (18,43,3) , (18,44,3) , (17,44,3) ,
         (17,45,3) , (17,46,3) , (17,47,3) , (17,48,3) , (17,49,3) ,
         (17,49,2) , (17,50,2) , (17,51,2) , (17,52,2) , (17,53,2) ,
         (17,54,2) , (16,55,2) , (16,56,2) , (16,57,2) , (16,58,2) ,
         (16,59,2) , (16,59,1) , (16,60,1) , (16,61,1) , (16,62,1) ,
         (16,63,1) , (16,64,1) , (16,65,1) , (16,66,1) , (16,67,1) ,
         (15,67,1) , (15,68,1) , (15,69,1) , (15,70,1) , (15,71,1) ,
         (15,72,1) , (15,73,1) , (15,74,1) , (15,75,1) , (15,76,1) ,
         (15,77,1) , (15,78,1)
        }
  }
  Path J1
  {
    PARENT = MAIN
    MEASUREMENTS      {(18,37,4) , (18,41,4) , (19,41,4) , (19,42,4) , (19,43,4) ,
         (19,44,4) , (19,45,4) , (19,46,4) , (19,47,4) , (19,48,4) ,
         (19,48,3) , (19,49,3) , (19,50,3) , (18,50,3) , (18,51,3) ,
         (18,52,3) , (18,53,3) , (18,54,3) , (18,55,3) , (18,56,3) ,
         (18,57,3) , (18,57,2) , (18,58,2) , (18,59,2) , (18,60,2) ,
         (18,61,2) , (18,62,2) , (17,62,2) , (17,63,2) , (17,64,2) ,
         (17,65,2) , (17,66,2) , (17,67,2) , (17,68,2) , (17,69,2) ,
         (17,70,2) , (17,71,2) , (17,72,2) , (17,73,2) , (17,74,2) ,
         (17,75,2) , (17,75,1) , (17,76,1) , (16,76,1) , (16,77,1) ,
         (16,78,1) , (16,79,1) , (16,80,1) , (16,81,1) , (16,82,1) ,
         (16,83,1) , (16,84,1) , (16,85,1) , (16,86,1) , (16,87,1) ,
         (16,88,1) , (16,89,1) , (15,89,1) , (15,90,1)
        }
  }
  Path J2
  {
    PARENT = MAIN
    MEASUREMENTS      {(18,37,4) , (18,38,3) , (18,39,3) , (17,40,3) , (17,41,3) ,
         (17,42,3) , (17,43,3) , (16,43,2) , (16,44,2) , (16,45,2) ,
         (16,46,2) , (16,47,2) , (16,48,2) , (15,48,2) , (15,49,2) ,
         (15,49,1) , (15,50,1) , (15,51,1) , (15,52,1) , (15,53,1) ,
         (15,54,1) , (15,55,1) , (15,56,1) , (15,57,1) , (15,58,1) ,
         (15,59,1) , (15,60,1) , (14,60,1) , (14,61,1) , (14,62,1)
        }
  }
}


Cave K7890
{
  AVG_TEMP = 20
  MATERIAL = SANDSTONE
  ALTITUDE = 2200

  Path MAIN
  {
    MEASUREMENTS      {(18,37,4) , (18,38,4) , (18,39,4) , (18,40,4) , (18,40,3) ,
         (18,41,3) , (18,42,3) , (18,43,3) , (18,44,3) , (17,44,3) ,
         (17,45,3) , (17,46,3) , (17,47,3) , (17,48,3) , (17,49,3) ,
         (17,49,2) , (17,50,2) , (17,51,2) , (17,52,2) , (17,53,2) ,
         (17,54,2) , (16,55,2) , (16,56,2) , (16,57,2) , (16,58,2) ,
         (16,59,2) , (16,59,1) , (16,60,1) , (16,61,1) , (16,62,1) ,
         (16,63,1) , (16,64,1) , (16,65,1) , (16,66,1) , (16,67,1) ,
         (15,67,1) , (15,68,1) , (15,69,1) , (15,70,1) , (15,71,1) ,
         (15,72,1) , (15,73,1) , (15,74,1) , (15,75,1) , (15,76,1) ,
         (15,77,1) , (15,78,1)
        }
  }
  Path K4
  {
    PARENT = MAIN
    MEASUREMENTS      {(18,37,4) , (18,41,4) , (19,41,4) , (19,42,4) , (19,43,4) ,
         (19,44,4) , (19,45,4) , (19,46,4) , (19,47,4) , (19,48,4) ,
         (19,48,3) , (19,49,3) , (19,50,3) , (18,50,3) , (18,51,3) ,
         (18,52,3) , (18,53,3) , (18,54,3) , (18,55,3) , (18,56,3) ,
         (18,57,3) , (18,57,2) , (18,58,2) , (18,59,2) , (18,60,2) ,
         (18,61,2) , (18,62,2) , (17,62,2) , (17,63,2) , (17,64,2) ,
         (17,65,2) , (17,66,2) , (17,67,2) , (17,68,2) , (17,69,2) ,
         (17,70,2) , (17,71,2) , (17,72,2) , (17,73,2) , (17,74,2) ,
         (17,75,2) , (17,75,1) , (17,76,1) , (16,76,1) , (16,77,1) ,
         (16,78,1) , (16,79,1) , (16,80,1) , (16,81,1) , (16,82,1) ,
         (16,83,1) , (16,84,1) , (16,85,1) , (16,86,1) , (16,87,1) ,
         (16,88,1) , (16,89,1) , (15,89,1) , (15,90,1)
        }
  }
  Path K5
  {
    PARENT = MAIN
    MEASUREMENTS      {(18,37,4) , (18,38,3) , (18,39,3) , (17,40,3) , (17,41,3) ,
         (17,42,3) , (17,43,3) , (16,43,2) , (16,44,2) , (16,45,2) ,
         (16,46,2) , (16,47,2) , (16,48,2) , (15,48,2) , (15,49,2) ,
         (15,49,1) , (15,50,1) , (15,51,1) , (15,52,1) , (15,53,1) ,
         (15,54,1) , (15,55,1) , (15,56,1) , (15,57,1) , (15,58,1) ,
         (15,59,1) , (15,60,1) , (14,60,1) , (14,61,1) , (14,62,1)
        }
  }
}
